%YAML:1.0
---
camera_matrix: !!opencv-matrix
   rows: 3
   cols: 3
   dt: d
   data: [ 1.2586311410844505e+03, -2.5757328191966864e+00,
       1.2317218317061649e+03, 0., 1.2578301168439941e+03,
       9.7244562637031083e+02, 0., 0., 1. ]
dist_coeff: !!opencv-matrix
   rows: 4
   cols: 1
   dt: d
   data: [ -2.6196819634309022e-02, 0., -1.1867825715917299e-01,
       2.4906920050305850e-01 ]
img_dims: !!opencv-matrix
   rows: 2
   cols: 1
   dt: d
   data: [ 2592., 1944. ]
